2901
93577
4976
169675
8046
16620
138317
1254
1301
5511
38355
97377
89569
110962
7491
2596
129322
4952
110102
10640
194879
4616
42207
13703
8446
81588
87871
24565
10634
40800
748
4831
192458
76319
5060
24988
11889
434
16144
4916
11168
193238
1174
154086
175223
203427
1578
16443
21754
174182
15830
2868
19048
65225
191473
4491
175468
12750
37759
23378
13771
3302
43080
108344
197408
121958
2447
4342
2988
459
9464
117885
183959
7553
168584
144789
147883
152846
9446
451
1983
5704
39020
586
430
24820
165556
1715
86754
5002
8037
82402
32682
7607
191231
9143
9851
177062
172994
3356
55952
150013
11629
2936
125675
128671
12134
191300
23631
6187
12505
4579
75644
172033
772
107181
153623
3759
89340
181209
99358
212445
181327
130597
1965
4677
162578
132717
109786
1116
5030
28047
171500
150690
37919
135796
16149
9392
75674
179574
62214
174430
1602
4991
10419
42910
24157
2173
138729
1375
4893
36325
128938
63743
95386
84889
670
77148
82572
11177
10140
11429
174476
3512
22664
38829
421
149324
158976
154301
10681
112102
10544
143843
32161
2482
158771
19560
3692
10550
24270
57390
96342
152237
163413
2589
2149
65134
6121
96260
128412
141636
43578
34218
9237
168882
56246
176544
4047
39328
14538
148144
97287
175
39279
7465
88079
215437
13230
8328
198305
10400
11573
64826
37061
110327
2666
163186
8544
35179
6232
94396
9202
174696
25772
32466
41123
140940
6002
55315
195515
67878
41835
9441
122701
168005
13623
113924
150220
22169
20414
138091
24037
2806
2464
14387
17062
38637
15509
157026
148975
12491
109764
6420
10164
1054
18500
28044
153107
3
11127
422
17857
30166
100798
6549
4585
156180
776
177542
1618
15364
3641
66986
1178
145928
28018
29351
36739
49392
158851
91653
5028
9476
145086
153425
195137
18529
12263
847
14
1373
6707
16112
172206
117914
122524
27117
56843
110870
188314
64426
4209
143401
61996
148592
43249
374
17816
21331
94246
3864
19464
174078
13920
6411
24827
148943
671
25950
137016
65516
86955
181176
69356
123587
59161
171489
72225
76546
6024
24013
747
158392
9629
5650
56320
49400
536
29020
2971
29126
38992
8336
5669
68251
3108
192656
41757
57998
5277
22843
5274
12234
1309
27624
143701
156714
3863
180387
124969
2613
181377
1640
20761
25516
56195
142267
146943
220308
61028
27674
3883
28181
24410
94596
1581
12157
193840
66081
165022
168653
19416
9016
404
72941
75358
3459
42641
102859
121657
32678
4610
123609
176557
1216
1321
209325
46422
2181
22061
164110
3637
66603
38361
160517
163937
156786
21436
19651
7129
46
3814
8033
4210
27291
147136
96310
4336
1333
89611
108155
10780
131346
149097
4741
55705
86025
82424
8160
109456
4265
134009
2818
10989
9507
158900
150323
132407
20821
68228
1894
5380
151645
6980
40831
200834
41017
353
1916
32944
187273
34829
175914
853
38825
66080
32150
198855
120
10104
83330
93563
2405
192409
21219
38904
80642
127920
11514
57052
38823
15559
129351
205101
2738
4675
1424
14102
33605
13084
124838
12589
35425
31380
126000
90419
5637
103752
24480
6039
154902
150999
20836
9152
40432
165044
26884
41860
22278
63
140
6841
19777
28259
92644
8748
472
6774
118559
11054
194
3348
67888
19811
28388
103343
104775
107829
129622
191438
13883
130286
24511
35369
99062
13729
103649
92319
73363
11106
142432
29773
8071
2319
112811
3561
158812
9863
11456
19918
4106
22348
30549
169462
1898
39704
132531
28454
3170
8319
186475
133473
4434
6659
129974
6913
64583
117910
56641
72200
24321
931
788
104627
5755
139032
11435
25994
1579
154674
20617
165552
179433
191925
15712
10283
90305
91831
142402
24085
40514
141653
155821
2484
8521
183750
73664
23025
5465
181244
127748
6404
24067
12599
156496
174049
119407
60872
4163
177352
24323
4779
1987
90274
3662
92497
171492
155157
40107
9603
152053
97683
4252
198513
175239
166109
179661
392
31503
4769
420
181153
7662
144346
182218
182064
5146
330
93138
156722
20952
1084
1488
2336
43393
98189
73369
172543
186279
33125
125028
1679
14662
2248
55829
5656
111341
132620
7614
136146
146278
156420
193651
129492
3074
23642
22910
34014
22476
76
24258
144415
8515
154811
6826
3275
6529
4516
88316
29078
37376
171726
171668
7834
9666
649
15512
38430
15369
133633
14441
46586
129295
11428
20782
153905
813
66424
4486
5322
6699
33154
13551
36611
7368
30381
39710
67285
3005
11670
31105
101796
175763
153723
59936
13782
17284
31133
42360
10320
5994
92120
1706
3500
50750
32004
142854
6770
9220
4794
6555
10805
185589
4218
36412
5953
180956
5294
1477
63628
151985
29839
860
16807
66116
176634
2885
6735
2629
92852
1768
20379
6554
104573
7713
21749
1711
145068
158600
1997
66190
204576
2381
30958
31516
152851
5649
57803
2476
66356
63091
47046
8210
141467
3321
63052
136910
32922
6563
4273
22457
631
89910
97990
163354
183231
4375
1662
138869
8743
769
19212
4082
15431
126119
32688
65825
1408
8924
76207
156943
169794
30364
10672
22141
790
205907
2243
12367
137498
1954
9388
167650
171662
183251
221
13792
34118
11160
176083
150018
125050
22472
180198
154
203780
18745
68876
141791
6901
8243
2304
53624
138431
148730
181670
140524
76203
1000
22299
2146
162223
190266
1219
119637
914
16914
18946
189052
36230
17382
8279
2579
2921
192829
21123
37498
3958
62972
3699
121663
6958
138670
13
2638
132601
22790
2826
164259
23890
11370
6090
176642
16727
21769
1697
8731
189160
91620
205637
32674
109718
130922
180471
9973
146275
32124
17577
104353
104006
184800
169654
127
13373
17995
13542
26250
40251
6993
205418
9201
54507
18828
137297
2795
144526
76810
127572
619
34297
129459
21566
23733
5035
2350
7978
12493
41636
36623
3317
292
15236
136117
215613
1472
25168
903
35599
132326
31111
193486
31887
183883
172158
84173
162263
141980
82421
135116
55690
91873
6778
22616
100169
8577
67609
204836
7584
12763
200924
3085
174518
3910
19909
7240
40938
154008
12995
158339
21702
8711
125315
204755
2102
42452
153745
21380
14881
11060
4
7102
2262
8456
29099
6689
25021
195528
194553
37382
94002
42244
158978
5089
22227
201345
3538
5959
183778
10081
1367
149853
177080
54735
181955
603
155314
379
131241
8788
72991
10511
5688
963
13039
30951
191982
139898
194100
167270
140863
13924
2446
5502
24784
38334
148745
14042
191475
97248
134283
16105
4287
148759
5208
107529
204879
25643
195314
2493
181031
5335
2354
1712
21389
62143
9910
11600
2925
6003
2942
5956
136991
1867
14163
161530
9293
2884
192927
15600
1567
182189
129858
62343
197783
9341
142988
205766
80979
19409
3574
24762
179385
22753
12624
37267
188188
40949
38702
4236
156474
27961
163930
93463
179182
1913
224
4740
10094
140535
182801
25775
175516
141736
23614
16435
37680
36228
7739
32031
4401
751
76065
88996
7003
929
22297
133557
160560
6360
139779
7636
17654
146204
19399
721
6495
18084
90040
561
136606
137958
28224
999
12822
189829
3765
163641
23451
2947
24230
7623
41305
2853
139
12325
15957
22826
24125
3050
30024
13503
165578
624
15020
3353
6363
24225
198701
55697
3279
177482
148744
109801
6617
571
38984
207911
4175
158586
5435
180211
6240
7230
12533
198773
57925
29223
3307
41493
66888
65272
20134
13642
1626
20217
169475
1909
40851
5276
13713
26124
476
7480
29010
124372
137872
4049
4089
6814
66437
157083
193867
12059
2574
4621
22338
35964
11618
24508
160550
153097
183521
66964
70519
138311
170274
5298
163976
127129
5589
124172
142691
34701
23878
423
157014
96061
71021
19989
22924
20240
8509
110277
10154
63928
8284
5940
168
26134
124708
137500
40393
19766
37672
41646
4472
42617
129090
177939
35395
118385
8383
149951
76150
186323
95364
3316
20044
124052
10776
2198
199530
63196
93537
27443
7187
103843
1002
30771
55222
21854
168788
11855
95613
179629
15953
26745
140519
18330
2131
8307
9386
1568
1785
23679
148471
5254
41844
130242
25037
1371
7463
112092
3825
109643
200853
153480
22268
4683
36510
6499
8904
21150
18985
84913
2962
166202
145621
3271
12160
673
23010
18401
165877
169246
194230
149620
204543
11258
27162
103660
3593
90471
301
39832
117707
155042
32245
7963
5306
125618
130723
879
5988
13593
23292
93287
154085
10814
72667
10986
144344
124847
147009
2205
10659
69292
1365
719
19653
176146
85000
13886
40
6907
26990
124757
1405
5609
154386
22245
653
31920
199690
87141
15267
63899
255
158917
16432
1231
11632
5966
19478
25623
2148
180
2044
14377
147431
795
334
123828
163
23981
41833
686
67185
993
2567
176361
164874
172599
623
128137
137179
42487
2362
2271
9041
349
300
190639
8757
2489
2593
2099
99079
5791
9915
156009
23107
186990
62222
20233
207311
20224
65568
204305
129437
23373
17644
26890
1771
495
2748
4031
146963
5519
16455
152761
10682
98352
6374
107971
11706
20139
142334
117915
169318
2200
1660
3044
11634
1035
113873
679
4970
38400
1800
534
212956
160851
174926
31378
7470
16530
595
22897
4437
4643
188834
3188
4852
37391
6800
14535
83040
38038
69318
156336
854
62853
11436
118023
1331
2767
936
162738
1391
1411
2428
25993
112840
13299
12996
61484
170922
39683
174990
144557
192638
409
176229
11124
140857
116231
192240
1708
201281
153388
30645
2380
32989
25944
86177
136888
23308
154642
6744
19419
1687
6038
308
40964
324
4076
28301
160434
23671
7164
1053
142551
7181
25491
35669
1535
18121
136177
181161
4958
9288
335
101988
5839
171234
79073
18422
148375
15318
5661
46158
3226
135557
132497
1493
115
8321
171278
35706
6954
6209
177147
62220
39242
34009
156843
2073
2223
103077
162591
198994
94732
728
135654
150376
108377
46669
782
7248
40816
102148
22485
94633
9028
27687
38797
177680
14080
216092
12252
18333
158243
188178
19948
139807
11215
1235
144150
163967
3730
13742
195231
1294
128666
132428
2995
98762
28596
12218
5058
165447
18399
959
6653
103806
75
1258
4373
67022
68187
147144
7586
18602
5455
155315
29379
139147
3918
18311
131304
3947
28567
16160
35207
177698
36523
140271
5260
29924
7048
11525
16415
146149
147590
158059
145645
166280
9319
161681
44
118515
17465
191110
7941
127096
3075
20906
40628
124361
57037
1665
23329
354
170344
3140
10171
133956
10626
139131
180256
99808
12319
42195
89668
26747
13306
24878
203835
34194
19246
72848
91536
171779
203716
63740
34745
65515
12276
8749
491
27746
112694
39019
68083
36903
7365
148213
180193
209778
47475
36333
86538
101519
26017
96713
13126
48863
5233
3603
21685
38858
122159
66781
6253
40603
92666
3562
7
1257
40958
106174
179275
6937
43264
124647
21249
181385
35661
4004
21729
13532
11235
39080
156015
24843
24078
143884
179460
250
2080
11821
1167
5638
42352
133437
170041
7938
4239
34096
40765
170416
1899
13017
140711
7973
5173
22571
22479
149787
4192
10265
66797
94123
69120
136284
159437
154880
15290
31585
9297
162288
145675
193265
145219
39382
113294
10565
77344
1632
11132
15410
15678
183562
25013
14040
81297
199881
46747
9048
217362
1350
11083
3846
85424
3405
143780
12414
206803
2176
167463
146762
8419
7451
13224
27451
5833
11113
109005
7047
191579
24127
140343
164237
5527
11292
138064
132188
7051
22019
40388
41428
101930
165046
160396
169986
856
155362
31216
186
164027
5177
163166
25453
167237
24947
6890
10258
191901
8024
19
144733
21294
6598
171475
109
43927
150811
88408
156
3057
16369
895
4358
34310
17855
154499
34119
163175
118402
156776
7176
5412
38837
37257
125585
154634
5830
46744
26235
147299
1013
2288
116948
149069
1753
4928
2637
5651
2717
126444
131144
112118
180761
183716
2224
997
3986
83283
194307
25475
711
4378
33958
6380
11385
127095
128565
167892
4948
20847
4062
139401
177197
16723
3737
10947
74678
1623
5723
95128
185028
195742
34173
101020
1611
3273
42124
50560
32116
163602
204615
17521
172235
40083
93271
10557
197066
215503
126443
151347
45020
174404
12130
208217
2317
8097
17041
5387
137156
186265
67181
1701
166571
2307
313
7537
181268
122691
9077
232
10802
177619
181260
156945
100275
147020
41569
117986
28522
35254
54559
115233
189
94331
197944
329
10653
29140
14808
123607
19903
38386
1269
182681
9
191963
147363
38197
28143
140861
12623
3523
808
146247
22877
174614
108341
2904
12043
17849
585
28396
1650
36596
181235
6398
146707
120677
35435
60815
165719
6558
120217
3567
11262
125148
18580
5867
10869
867
146221
31057
156138
24803
8128
168232
147418
7972
21572
1319
494
42743
13654
2157
5818
3365
10593
156457
6129
71899
39290
154878
3533
25665
19578
84825
1082
136440
192668
162727
30804
8598
5810
5770
140933
1938
175634
505
34933
4362
168728
112381
32288
3649
11954
4402
195454
30952
4015
32025
69582
28907
3147
7475
169215
102897
34590
10022
11673
154633
3102
8125
122599
8834
2212
5195
18657
9969
8352
482
39939
38471
143185
40804
384
121288
33799
36399
130763
11284
17970
161921
145205
42057
22233
159692
23615
180040
15985
68250
21734
66798
60228
20018
31483
18097
76681
137366
469
57310
524
6219
56692
2161
1189
148115
2397
137651
103877
144236
116972
7566
150783
35499
11971
1156
24116
35935
137933
173090
164590
33155
5404
166107
168609
39029
638
184491
144568
35289
8069
90050
71889
9802
129395
161138
178613
89767
1927
29080
67928
10946
6611
2678
127432
155250
206
172818
33225
85005
159566
2516
170756
10631
198522
66849
66056
75476
18464
54372
23348
40247
141735
149621
67254
109252
6117
9132
170771
195227
183643
96792
183949
79312
144865
5199
131788
174927
28989
1941
38387
3045
9083
9022
202077
124833
4888
164627
5697
137290
176400
155119
4997
13361
23915
48979
24396
26795
74936
163482
1511
30248
42920
9360
40243
193695
27712
36888
205873
4424
28452
1426
6552
9968
6668
5686
164158
143404
15738
191894
1295
11508
208773
68820
130605
162388
39339
2051
8049
126100
3564
19475
115105
29294
184866
209010
207062
73091
24693
23604
46807
24443
7590
26716
38735
172062
183626
37741
1095
32187
20437
101785
131221
8129
38466
16830
132261
1416
156858
176070
42052
175222
554
186659
26474
155689
94104
8393
191986
191135
95607
1187
2031
4200
172837
31412
33288
102940
25789
194607
5767
9346
149793
149286
97273
3658
193818
363
112138
15731
99078
88931
183006
194301
110260
160664
133518
272
28944
33359
51
129625
195242
74408
123540
192274
980
139245
150539
8475
3468
8495
131246
180205
146152
181530
4272
2180
5463
27959
2281
2470
25727
155208
134637
23913
2410
111172
29602
357
146747
136058
21149
148083
4875
184797
66
109635
15804
36554
40561
147624
7851
5999
7483
114871
36698
158915
204541
8295
6766
834
206504
131357
154515
3631
206931
113636
43
5452
20050
11628
5749
184351
8976
11293
179929
186864
160094
4092
22266
186980
37387
3984
26
68858
26620
149332
13960
111732
181304
111148
6879
1597
82610
1402
7080
1115
68260
206490
9685
36985
182799
21666
2699
158343
205226
7993
66188
1177
375
298
34707
4017
151310
153016
183394
4388
188793
906
6481
4259
172965
109285
28302
105864
115293
1558
11978
165959
193557
7927
24118
65575
187988
39872
4196
229
1008
129310
169102
146818
2448
118627
15430
163097
11330
124390
1212
188124
106929
6830
27848
103039
112373
135382
8402
771
5045
29687
16499
175961
140603
35003
192153
5220
60435
140236
85165
416
146864
126792
205885
118051
28231
16395
140457
2665
36231
56707
88253
36911
46362
162
8751
9846
2290
6521
174973
1977
90190
119472
26956
134824
171479
15111
119012
103844
179245
38918
101737
21632
3128
148282
2232
13933
39536
6665
7522
2938
161543
2016
935
4505
6540
3932
2406
28010
13989
138799
209649
16142
126042
3125
33018
128442
35677
24994
25841
189932
5735
605
10301
173752
4583
11937
33024
120515
19796
186567
208895
31070
103807
2941
20525
38986
15412
130729
4396
66416
8691
9509
840
206051
8754
36659
128554
181959
130390
4680
3965
15167
75448
107638
3563
13667
28805
7771
37351
65590
25097
26305
553
31360
62374
10261
148639
3036
718
37755
104655
162071
6466
13576
4126
20806
32968
8246
23389
150623
54137
109932
8945
117992
6008
38944
128885
24373
35173
31527
158742
18701
163031
40651
5614
112210
13337
5182
23333
108722
109969
140317
258
7526
181236
150294
122891
170225
9853
73240
158236
19145
40617
2234
153728
2607
198447
69687
86919
7588
185331
91034
6233
152345
13440
40638
10300
161617
222
8232
192934
152510
42132
174975
11988
3163
11694
3084
144460
27048
2533
15855
11357
46007
13122
16500
124827
2524
104581
97875
176963
4909
8848
193912
160495
7610
24795
23656
1420
84922
14379
25768
4855
201455
63379
34219
4921
112233
130680
18057
29626
8359
19614
11888
50768
68186
18699
1908
25190
28738
6541
82976
148581
176960
53373
69761
2331
2979
111502
10361
5778
20824
3081
2515
24009
1387
2068
1439
15238
119866
47170
197269
138704
126239
198138
7947
3411
177099
191932
180006
5958
20643
56241
169743
36599
5575
123162
200610
3318
488
7720
7622
146384
27336
5251
151947
95064
206780
32601
89952
118177
209166
4217
3007
32995
1417
41890
38227
18679
143741
199042
3528
154742
25866
5001
27968
7278
176817
128352
41541
149169
92177
174219
177678
16873
150605
7799
120316
123511
15826
42328
165600
9803
184459
6701
9921
99
118174
157779
72800
27298
4935
144388
9160
55834
143200
84876
11091
108832
27165
35674
147614
3835
4251
15990
55031
161297
132817
41149
19842
102548
3072
20609
6610
130912
10168
185497
6364
157696
164566
186721
3715
2600
8798
6006
25924
118048
145633
97469
27463
192120
8860
6932
149155
154281
13944
170909
8448
6381
33906
20028
66852
182874
33624
214910
5467
5897
33767
156175
6205
5532
2932
3112
99132
148036
24920
65592
10472
12194
3884
146548
3414
129165
10346
168917
2974
156442
8089
123514
3510
1536
11159
131684
140795
203219
3617
133524
8593
10668
21036
49010
175121
12676
15212
32341
172006
127188
5241
27359
190758
164159
8920
18011
166988
158604
132320
35040
559
180598
56931
86270
6503
8741
8852
84776
1725
3602
8502
173270
87876
8989
193483
147505
19378
956
8571
1653
86415
9625
10811
12715
34659
3488
17158
149051
151887
174155
20096
176734
129010
173784
86768
487
2986
54073
102898
203584
210271
4587
8491
5394
35556
104769
187488
320
1247
1163
1533
31421
37444
2994
6702
188347
5998
30324
42448
3613
563
18652
23817
6771
121322
150016
101118
11547
177815
12062
4864
21529
7334
68076
170300
173761
3295
159452
154519
3610
183572
34890
4877
71074
3265
2929
147170
465
378
2409
122327
12049
18212
56995
16141
58099
34227
900
10102
104162
1563
316
1958
6759
5687
2676
1649
195489
2175
2989
22407
43489
173649
3719
18781
3724
95105
188051
6388
17830
144036
4492
21704
3114
14468
34866
3041
154343
18887
173294
181796
5750
5205
8812
2179
157323
72766
7922
2369
55600
150761
154892
118497
169464
201808
25144
65889
111327
8258
10236
147451
3931
142961
161966
129156
6926
118247
9200
23685
3852
2314
4090
1171
14035
37099
208670
4519
19679
1011
207991
30933
170318
24658
184919
1436
124991
46323
12545
123844
178166
20031
16793
24318
3693
13128
32429
20771
32666
124248
13172
26952
29517
66533
108687
165302
82449
63901
910
42006
72131
19616
191387
5451
19373
31512
37120
197572
13347
31594
61487
680
3615
21503
158752
55253
5737
2583
183896
13919
124000
1012
185709
30356
49435
4001
1674
13286
179280
15474
158435
20192
148951
43526
29447
84088
42112
5457
7935
601
106978
4854
182228
2946
8320
47410
138206
150797
135281
24083
81100
122890
188465
177160
22766
13285
164202
28246
9989
1442
988
1537
199382
878
89575
13980
1702
2653
18876
369
904
1981
141594
37904
152470
12519
1915
15090
4568
40962
189848
121790
19969
12304
63395
53093
3208
100447
3154
197
34342
67026
309
166317
195
3645
146418
171339
9540
191998
197409
69779
148209
125548
26363
118953
17925
146309
183881
32424
71272
195544
38364
51067
5993
3626
34599
113853
8461
47408
53376
8954
152847
64331
29285
24376
35546
17133
2386
26869
42
6022
16497
2435
173292
10383
12896
8542
136240
19995
34390
12577
96626
33911
143588
9610
17526
35614
17226
146188
176103
7667
162865
408
1414
136585
154883
205078
216482
82
35481
194019
3130
55601
9725
131389
1378
205125
6414
4449
2520
7824
12692
197528
19621
39084
37175
146408
182101
2299
12495
133747
6813
129417
40421
2207
131232
170799
43332
26093
8358
119804
108161
166019
39699
113931
116981
2229
80934
34375
10496
7457
2253
144993
4550
66643
130347
160353
82948
10712
1070
150996
4124
18265
207330
1836
41100
5419
68931
147949
1897
3674
49397
265
8923
10718
24254
18117
949
4593
108156
119881
83907
138682
3219
24025
40760
4099
191364
8530
73650
119500
140709
9153
6052
9471
108429
11534
47185
172081
73
24932
125
67593
197333
5406
20053
1073
31274
29018
7263
117985
17450
4925
141681
158340
11886
89926
11585
127784
168839
17863
24051
8670
82168
153064
153737
5678
38863
138788
103327
6928
89931
3685
53953
697
9704
38795
200726
5303
206941
4172
18098
27976
4843
163745
129053
39070
40974
27574
148586
21622
35492
155122
3340
2819
181120
98046
163081
33418
4154
6988
23285
159502
166436
810
12071
3482
5997
5349
97207
158100
2249
4346
122842
20253
9354
40385
1517
194964
36690
177639
182074
69721
1607
5733
143680
17204
158970
191862
31586
2927
1372
31730
170337
15274
94365
8508
42704
182453
2216
7829
13645
165662
26696
6675
3016
8001
8538
12746
141997
18499
152471
2352
10915
28674
1452
30947
130705
2937
108012
2371
11373
15878
27945
159406
9571
12761
9615
177965
3051
26697
1666
33414
25823
46255
192291
8147
181382
132532
7753
12188
14258
6700
8700
24933
5522
117
6118
6516
27870
827
21829
67
169255
38694
105037
5172
98242
1964
215
368
22938
21435
12539
164928
170195
34169
14559
8130
169393
24325
12372
1232
7262
149705
142653
8903
141035
11052
9825
23375
7712
18780
145766
1819
9249
32838
3245
60342
117975
22123
99770
4174
4211
5086
12237
64064
69851
11950
47414
163478
814
206437
141019
202
32143
322
38531
63543
9782
138649
193621
4240
5496
1275
35877
2823
126426
165347
180179
22205
1263
633
127438
2844
1910
43023
146034
74390
101685
2154
187587
176371
5042
120305
157322
5503
35256
6978
171273
4324
147568
3090
8455
164698
519
83117
9090
38778
131121
29939
3155
2779
4332
84778
24280
40653
428
3312
8996
14781
30583
75212
10564
149746
200785
144325
10534
509
3238
20467
9865
18615
1631
3344
96157
89695
118703
17851
37836
140859
908
2349
63897
115793
9785
54201
1576
136566
32165
122867
166210
755
42227
41934
18907
9617
137969
143994
103638
145501
8191
154602
2539
113513
152848
5
7367
4556
119639
424
104640
128219
13218
146816
31558
150658
9215
1484
191071
162120
5561
179572
124839
28843
10174
223619
113927
172875
146791
15193
35476
158791
15195
162580
3409
15
40209
7316
3485
28218
38159
21791
46530
2337
180785
35503
4374
169062
6054
121813
32820
23181
144041
41849
3646
18875
2213
1784
12291
160125
149896
171630
161148
11179
27789
2485
11707
35763
59576
99081
91759
5893
36345
8721
47462
2529
8124
152767
70324
15827
14860
103235
158356
27385
7571
17298
107464
3616
4471
140065
182541
7844
194392
85609
1352
94493
2625
1343
16253
13995
54361
172007
95103
6543
10221
148291
199780
73253
29934
2778
6798
39375
5769
104994
3667
5021
1982
10234
194196
35312
148204
43845
18085
11394
2401
61475
114903
1993
30640
70097
80933
39426
118330
6977
713
4255
39103
165889
4254
157995
38418
173074
41
5692
67038
147370
130734
146652
2871
164449
4326
138105
20182
107372
27
14054
90730
37988
192735
39565
20646
131496
950
240
161887
5445
180611
3874
4229
90009
1336
29317
17119
139607
154003
264
4122
9408
157586
176433
155731
82223
1218
66088
182593
205308
175199
93400
3581
484
155463
1950
93260
101463
28620
10267
4450
3870
95503
82702
26983
160012
161762
18297
40823
7558
1500
606
172547
35248
154895
24927
12691
26122
60153
42105
37231
4048
39189
5957
165657
150580
20542
216201
20441
3268
127646
38154
4165
18164
9385
13316
4141
3370
117555
125318
170669
31605
35635
14765
22545
454
119165
187834
40417
42731
122522
105
31336
2338
1096
5617
2483
9878
20734
17787
102881
50356
7854
137141
91189
191876
178900
14539
26293
20100
32260
184371
11527
575
1041
8283
193308
161757
147240
93522
11182
9017
125605
204472
8815
156007
16000
22861
8601
25014
25677
388
1943
40773
137780
158168
136554
29142
37589
8317
160273
31971
37461
93724
193121
4553
11188
15121
8207
134631
27181
4041
11465
18460
69205
1467
94480
1583
6706
24053
4117
19046
5534
193738
121409
6569
178839
37362
7338
1152
3745
105199
192909
133886
17449
38868
2538
7600
24168
170477
58421
103666
8983
108737
179820
3149
12634
14017
150293
10471
3383
730
27071
124490
155624
7611
104377
549
56604
3553
72242
176601
3892
57422
1098
71956
13403
14038
148575
27833
140961
4637
144728
133425
49276
124958
1037
128252
120781
26855
104020
4282
153639
198611
1145
6955
62979
7991
2379
176189
234
206175
37141
153780
2311
6930
188920
13498
20589
3889
5607
801
4352
31711
7142
184085
1459
29106
5939
163377
187719
6641
11705
49394
644
8180
31770
11703
158883
40370
263
103091
13682
102151
9514
10683
17804
161928
145371
188908
367
187515
7924
160608
10303
223360
42713
12139
26906
67144
7145
3133
108044
160968
348
153724
135219
177210
45134
891
1793
1738
40830
165492
2540
13123
6720
831
137423
63900
129710
72
137744
29291
172584
12976
111999
1781
125046
71655
2104
11446
47
2266
161614
2507
11149
96749
3354
206802
21414
150484
133528
32465
124378
32146
22254
53840
5333
8892
170951
9345
2792
148628
17835
26067
173759
3030
22866
17869
1225
162107
41185
9084
176262
63888
96026
5517
20281
155695
177976
3529
196496
33107
2404
7453
8196
39278
16804
22889
2391
30393
182487
4146
23964
16067
125061
7026
12205
29972
18746
212027
2440
140172
110286
17939
13490
25312
85105
176920
130603
1149
172168
5725
76322
92828
174298
19074
93971
81561
141829
33962
35472
164812
533
32171
98527
162480
170199
120580
145400
32471
157673
37358
177802
5136
37983
27852
12924
20422
32683
56406
175730
5900
2856
92776
2842
180977
41334
182120
131200
91534
9013
156853
7749
3595
203719
10156
179124
17651
201920
6041
151835
23
39862
94915
3656
3393
150659
7711
31999
117838
18056
129307
8051
23657
127275
77011
5512
6915
25204
188601
5858
12633
27719
5752
4331
20543
7290
6235
13493
99949
202670
17529
140796
165563
182260
9646
38390
114912
34655
42968
148494
181956
5928
123536
161226
54501
104710
149618
158793
164354
203997
206450
213370
4529
130520
97521
152758
180910
8703
1719
141725
165748
195232
169366
592
91430
193062
189067
5155
171579
21276
12142
163685
28050
147581
26472
34238
13277
178007
139443
803
113311
160908
339
164127
154482
205876
95
702
20077
267
8470
75547
187679
204577
761
161880
182770
127023
166710
58624
6375
8042
986
40531
68947
568
4353
100015
200512
144743
123370
1354
7098
8096
172073
43169
8553
148940
33434
63067
183360
76481
192623
4009
6688
193083
25991
21709
5990
42892
125879
3022
194298
136286
165346
143048
510
150615
176435
147400
101239
125924
22265
156113
8787
16273
75165
17125
7575
15845
916
11865
150049
128898
1688
26458
350
6897
8479
127493
174893
2527
10642
30367
138161
1150
19100
675
189062
180920
168679
28553
18606
66613
8059
1831
112686
5014
90016
2598
147190
163047
142296
139030
185104
37103
3894
209418
182225
86165
10999
175621
131457
121806
600
74987
170437
13005
25584
2393
21677
13780
29656
216
96345
38949
135
2192
67695
23094
52461
90474
6573
1142
1654
152867
165332
21464
70532
114667
2710
12267
154778
142326
5224
119337
30306
32484
5491
89550
102652
139991
33086
135019
42727
121787
69234
143484
85800
20963
9438
13981
15510
35311
216403
54395
13912
8804
192673
3915
140101
179537
7269
13464
347
10579
13512
184473
24110
73574
171879
30164
72622
2376
6660
6346
24491
167828
116821
39898
130240
129614
26446
14253
129290
111105
207242
4405
2857
31497
65532
8366
94891
91523
10570
123955
3710
86167
9801
147396
3998
20432
4318
87907
85633
37628
91739
160814
11714
6053
5933
27940
5829
2422
86445
99392
5432
130548
8332
43171
87120
76247
13350
44338
13239
9284
140865
215469
12355
5476
2535
1267
38287
372
17538
59960
195867
9918
8519
23598
29603
983
27802
128568
187926
158899
39662
11399
163027
166158
123045
282
11899
10578
16461
20772
97093
169984
164838
171623
19351
3262
13855
149296
5040
1348
35052
161970
30991
75091
5795
16933
19372
37633
2280
146735
129122
1790
10831
100679
1628
202942
22673
147457
204599
8620
8998
66256
2038
6474
194723
944
40654
83199
2094
7349
125608
139771
211533
3676
75382
145103
205826
1861
27970
70376
8943
91817
15722
18835
27266
1816
154458
23521
23499
97329
113066
1497
37732
2809
6860
119109
2756
38187
784
111124
171419
29107
5541
163154
5743
128475
11973
181501
67823
3608
46147
3076
5433
1293
8652
13978
36895
11930
35662
2599
21441
23249
2814
108
188225
506
2709
42789
142924
135648
36946
18
3771
36415
489
147
5758
10445
10964
40529
137827
8736
204733
30582
2396
4219
753
1496
38821
121414
19999
118337
85
209324
83157
158237
2720
8447
4271
40843
171233
128
4241
15209
7754
8636
117997
151022
13597
4221
123885
2537
4084
284
175117
39045
124545
786
13212
5870
76443
1076
139388
162093
6765
209685
32346
34843
134615
140314
20528
158534
10960
21790
13530
11125
147790
8746
176898
102835
248
30363
174988
35761
14083
92186
165950
65901
173634
65936
204734
332
2736
131332
820
17329
43307
4228
3633
9117
64675
8201
148261
193693
14032
66611
20623
63788
118063
60029
161965
179918
169045
2324
9086
10326
18590
152902
41490
178335
155802
197707
3487
122913
27682
59149
230
182619
206150
5961
18246
899
940
165796
41010
13284
2367
146439
168433
176494
1234
150138
25988
188181
2611
217176
36218
11756
18867
107704
415
12957
159877
17157
40832
136494
4113
12830
34276
103
53168
2400
3945
130685
5700
4279
25568
97903
24070
91514
22594
212346
130792
89478
180204
8913
22420
1206
291
171908
18579
204583
146596
6719
198775
85004
12632
72204
153999
120269
192135
128271
151684
5860
151771
186974
119591
22359
11147
46782
937
124548
212551
175095
162191
75782
172386
2557
2716
158918
6824
2375
38578
132799
6353
5336
194194
23779
10
939
40871
129556
7502
35497
602
9379
4753
11170
11121
155496
192945
305
43570
135812
13921
192860
31454
178591
89409
5856
25618
43168
15863
2474
3990
180593
11432
52332
1125
159685
21463
103236
140600
12616
122236
1107
1857
68425
2047
90972
169513
5573
24181
94724
21892
15126
6749
70916
164775
6524
22999
25261
40411
2127
101644
3181
187377
3807
781
24704
8406
71099
31506
148973
13290
183665
3403
62809
29146
14991
159501
11562
186793
205610
195043
20269
29599
627
94255
128098
99286
83667
154597
13648
18481
2082
23694
33088
6406
6281
99791
67251
134420
4087
172557
29281
124224
143986
110643
144734
3639
55896
18690
32885
183836
20135
8355
1099
2122
38657
1727
2895
25455
32680
194400
21941
463
17162
2174
925
4064
163474
14275
25554
5134
34127
25004
11531
6021
99992
3606
169697
18243
25920
193322
12520
78247
314
2210
13928
102275
128855
17958
33541
242
5281
131646
183831
113301
95893
143487
54433
2521
3573
146253
97433
399
3909
6976
38996
25071
35508
117995
5130
174610
158886
131416
6230
73361
33023
1
11765
103883
10709
2259
30878
1339
102610
3921
118294
3492
1824
4370
14355
40004
141250
147427
59429
162367
9791
53804
88559
131956
7682
64204
10788
137237
182094
12679
98229
12902
113700
1657
4300
7141
27588
7382
85389
97512
185374
4922
8676
113436
3097
5171
5862
142889
147768
6508
1404
57073
550
118950
164645
2902
7831
191972
8888
55679
128672
23848
589
10096
9963
122690
11116
136280
24224
6627
4139
156557
184383
81691
8229
27939
37380
112598
1622
190247
88464
6249
4125
169555
21358
129368
57458
4355
162660
141896
8803
171110
7651
1633
9342
143255
8728
154804
12988
102
203430
542
1588
153103
66198
158889
10348
1896
17457
162384
182960
490
1698
13260
25794
857
19466
1542
130911
118776
147623
36932
29653
23346
6215
3052
84730
32114
125311
2753
147563
1651
82577
34084
103670
2612
39007
133
111173
34905
195296
177541
41326
1891
129348
182082
170867
31552
42062
66044
14709
129293
18945
194232
169341
5784
104351
182116
31198
54457
38462
57691
10304
294
103828
84838
84869
32670
148767
163399
151936
164031
147685
3061
257
179548
3435
65244
3083
31069
130877
25754
1358
22379
3237
2751
31117
6037
2433
131183
111081
7336
5264
2843
4123
8250
122399
4086
1782
11161
41068
6283
19363
4016
21457
4404
34785
6513
7868
105187
176816
1193
3935
21641
3885
2444
8267
127433
109077
164930
140682
6731
131914
3701
1924
4060
17597
7089
4366
149459
17819
14452
3534
7639
202494
497
33077
3901
13972
8618
73233
41019
33967
4095
29109
3054
2144
7097
18747
133421
1773
2114
144290
39312
18058
107435
82037
13488
182631
12956
191051
137330
11122
17106
2480
843
4789
160441
122598
167723
17075
23576
82222
2443
205774
108665
50764
99038
141423
135243
110160
183308
85567
635
2139
1806
194874
204184
25224
28718
187680
270
984
179933
192334
3243
120523
23812
141734
33907
132028
51401
29308
9633
18870
4969
172507
56758
94373
103714
8203
168457
2918
73543
185378
64430
84465
1672
153470
6942
11347
30241
7177
12140
1413
1551
72420
38765
129382
102346
3247
104805
178336
9932
129224
20580
66551
85474
112192
169611
42651
184525
29383
5827
7710
1291
4651
432
767
34585
37142
40354
144464
13271
172737
173156
7539
177354
103191
97332
197588
81850
37208
108157
4022
91671
145470
29676
195571
37906
5768
3071
129311
2875
39927
8630
17859
25302
193327
32333
6366
129971
6009
36235
40507
152899
159500
198953
183840
74102
28609
116860
11964
183452
204675
2897
1509
8168
157413
12898
18901
157942
76728
114684
158991
140386
15383
31066
12964
1859
147474
5751
10559
182194
10506
118536
151247
503
869
1772
1770
3687
6965
43233
14403
72321
17008
157789
32125
45748
60056
99655
11674
14935
94456
88246
35488
3139
14525
183264
1627
108705
2061
41837
200456
88608
168681
982
5960
6000
2431
148271
161109
26468
33030
18833
113937
143416
14024
12699
261
57276
151367
4957
124965
5772
163920
145659
42673
6036
2854
7241
23658
17728
169275
3309
154645
49050
136143
5942
4328
7637
8454
28238
158947
160614
158916
5646
6581
10065
11512
1173
191189
179350
180325
7640
92415
177477
226
42131
1792
25409
66459
4914
20153
155113
8008
99459
154890
40766
34696
105123
67453
27668
106836
20036
152765
8101
42783
105550
144958
172881
7259
16366
195158
22980
169786
131449
158967
28739
117960
141337
9577
10262
141825
12494
181694
2784
112557
100734
123576
147523
2136
6086
180974
3543
90942
146151
17534
40444
172540
35961
36887
2750
5364
175263
22839
131835
156648
7218
150005
42368
166669
414
30662
6764
10898
59753
64608
96628
6819
39087
40908
144525
33468
2250
142517
27884
7723
194387
25142
40550
192762
196202
170415
4522
63167
23931
93678
69316
140135
162476
798
3996
756
152
146388
80296
40276
17054
796
12131
10836
19358
150298
66085
22465
4021
202755
4000
137900
67426
131387
8497
8308
4011
59061
260
167190
18765
923
9794
129287
130552
6424
25242
2119
209282
32431
1512
81453
183880
174991
141569
64769
6779
73863
186751
4915
96848
3305
84772
171964
123260
1641
125854
18931
3666
1007
934
13511
1270
11863
613
56410
3138
6202
37907
67148
2968
65334
884
2688
2916
23957
4623
5635
6869
1821
10272
4764
9823
2545
25246
152241
97888
75333
1246
189350
42050
37441
70323
4473
4363
35306
144631
7399
127505
59294
157969
16992
157
5716
36
149112
107255
5235
216014
382
55131
94362
17994
4107
9861
118025
11202
12672
170146
9560
5621
181761
3452
2147
84159
166298
163576
69587
4068
10916
184117
202223
22445
19623
163481
89972
1364
20865
3463
42470
431
551
192834
29456
11452
1303
5516
42396
140279
147253
182875
3941
41114
21654
73241
99131
19600
1722
35350
11415
1730
1437
27626
147305
104555
160018
93540
71676
97915
2633
8364
159492
116998
1245
11278
5824
132019
142303
31821
12899
38391
93879
581
62225
5351
3585
129029
157815
92759
19834
66969
99976
10206
191991
88406
520
35865
202589
364
17392
3324
148528
10501
708
18296
126008
96913
5620
139899
6282
31159
508
73538
42691
128425
10537
1312
193029
274
175742
41247
2541
1435
174524
166
108080
5831
1917
42748
449
6333
17223
139627
41372
125022
11011
32405
1594
3209
40491
32226
8126
131393
4372
2562
124759
185021
12057
8517
182050
3077
38275
6005
6644
139952
15832
161923
40819
180906
8410
9368
175619
9416
120547
2765
17419
56889
28
30021
7519
6460
24475
73316
23613
39219
176565
288
96007
13767
41329
97939
136192
4441
70912
8720
17235
6732
156455
1198
3661
131904
111299
143703
9675
21411
165190
19991
7031
646
22758
11760
32992
93001
327
155460
83068
176013
15163
108711
412
125436
72957
6795
4052
199793
171447
25900
25569
93819
142903
174611
312
23829
175640
7467
2952
7994
1356
184460
29096
70922
1829
4070
14683
197831
96704
62030
3314
103184
157449
32002
17988
94338
11167
84230
14034
73313
932
43136
1380
9804
17738
179813
1860
181811
714
40234
1645
157403
20195
154173
7808
6597
24743
66193
23374
14191
193210
39684
180852
30869
1709
26349
133534
67361
138195
131321
153238
86458
4079
2811
40801
9870
8070
21523
99875
134157
183976
11924
27306
1004
147707
79068
93679
44125
4977
3298
159632
181464
176
74312
6383
12211
179794
5902
17533
63170
163798
5077
91
18966
144874
21239
8273
104575
34334
37612
134352
15009
344
3466
147251
1780
21241
9833
129948
125368
31260
33160
108079
6873
165812
34887
171431
11778
2014
2832
2049
4953
181370
182284
175324
1197
173259
138973
65990
3766
176306
5475
154905
2364
1686
130043
159581
2910
98197
169658
24186
18044
146312
143157
12875
188
5393
23388
127561
28699
4578
11477
37724
2296
155081
9049
173275
192185
12736
29030
36649
12876
43528
30658
176334
14010
160853
17240
26137
3712
16271
152174
5843
176916
89953
4310
19957
6620
24069
1700
94476
148000
12501
67600
42279
28817
151981
121423
132452
20731
24884
29952
51197
180602
184443
31563
42215
157912
1668
174552
2782
19947
17104
24079
10687
136954
121995
3634
6020
97803
3575
68199
205960
9110
132416
163242
99573
3668
31612
69
1044
146886
177513
41749
6509
819
166226
182385
189504
119890
6263
9908
36229
22048
17
1527
1720
52276
8056
4330
88594
57201
153065
63632
1883
161578
19348
61916
154443
40236
111866
43111
156077
92499
88871
114316
9812
17464
119
68603
155708
10008
121015
137173
94571
172047
2555
168680
167465
1335
42101
163099
1421
875
736
37184
3612
99313
8740
6339
187645
162082
3598
3967
125993
3394
38755
15599
3826
4688
87893
20
1111
29073
34713
9356
14105
22377
11231
31897
42702
103811
3711
118325
31
861
33569
155245
168770
175510
691
2093
20590
151070
66047
23908
5922
179172
192297
118418
223
3240
1334
126
130008
169375
103922
177927
13830
55835
2194
144790
195456
8252
29415
5166
36236
122435
130999
199904
11438
11265
340
156482
120033
159405
38524
5420
205046
161943
72125
23985
174252
804
21040
8727
136415
56208
4646
191977
9133
40440
12920
26156
97842
27826
57865
632
4488
66588
163432
173408
5890
11253
1290
207338
72132
1832
150485
9350
194820
176589
23761
20610
6803
57660
179876
5157
9901
36314
40770
97655
133637
22111
41474
2268
7838
142852
128996
4892
69105
8354
1717
162614
197101
9736
558
7823
9227
8724
126789
135840
15471
252
2151
5472
124622
169274
200171
8966
31621
3954
1251
76674
5183
122069
25967
8104
70767
11081
2090
19184
28511
38877
2458
203417
50912
36241
1994
25423
191081
60
66126
180543
5239
38707
9545
18932
135077
1307
1947
174
3152
6472
2275
28720
37694
123160
44558
102690
30
154875
10186
18247
153225
4119
9118
150827
2370
1996
746
5271
474
144492
696
165948
14039
277
191624
199242
186510
10908
1552
22192
27949
90855
206844
527
7514
76442
21849
39530
42206
4460
5699
4778
184170
76551
27710
27495
15156
97357
4008
2398
39383
355
337
2559
4288
2235
65564
5869
89927
124761
26999
394
2563
40886
9139
8222
13333
96440
162292
30379
144223
28025
3089
7688
94346
175879
148
256
200680
139137
68448
2096
5798
2368
10345
43022
19030
62871
86246
3886
188614
8322
143520
1300
35219
4036
36986
3371
25951
462
94
634
164338
171620
158093
38204
35023
169795
85897
108637
62226
31075
4503
8816
166246
39786
268
1209
202254
184424
49391
34948
132251
3035
162915
4532
22770
41834
59602
4671
7114
3973
8245
106999
56880
92646
7143
3531
12318
41052
3086
3218
7215
65262
76447
4258
10414
104736
128063
9474
130
156719
3720
13779
29875
117959
1549
128028
150033
7992
166384
5680
137238
16088
26055
13460
7410
9473
160069
5272
25729
185276
3064
1448
66589
4627
20120
154809
979
150312
171548
28678
9589
178154
40005
1718
3503
1338
118955
140997
87904
5361
3141
181
2866
14188
172896
12829
192353
14314
200147
121764
163040
40480
192457
27751
4897
72448
205059
11469
9843
425
41186
133835
99042
10890
195533
146922
37912
160601
8737
180263
2584
3471
149130
169544
177490
142687
16498
34496
3065
191004
6657
27389
42066
116422
126550
12146
21050
29019
6983
40381
3343
9556
41004
159003
198525
3560
160902
1516
6883
7858
19257
17895
9852
35815
174785
37997
173637
126025
58886
147919
26687
153120
198791
204027
475
10257
1315
2098
42255
143981
11241
6927
126274
26138
43530
9858
28257
159910
165
60682
30286
6939
28086
174584
42685
2972
5736
12681
30795
31294
1126
22161
1716
13584
9364
171708
175265
156750
8552
3632
37383
104780
175989
13454
32107
61269
2160
8730
203042
187121
21947
2657
4479
142980
18050
27101
1729
2254
39914
13715
121297
39787
1501
703
1410
32495
66251
93997
17536
140100
3177
9197
166418
12317
677
81640
42997
17448
124960
159675
172596
173319
181574
177053
73472
34311
152162
6817
5209
33003
45358
34139
36482
7006
203800
20436
200500
6898
20624
32444
5278
8353
787
16972
10884
35453
162823
146146
1751
198630
194505
83196
37046
146784
28723
2610
172035
153991
3818
98739
21373
165401
11483
20082
2604
5826
123930
117549
1942
160559
58936
197065
943
24264
166556
79282
193628
152488
2907
5955
24245
136813
55763
97824
915
24487
165872
136594
200077
3202
6714
8138
106523
143405
181494
39192
33759
128780
19646
1705
172662
29937
26604
148532
203740
63975
60131
5382
183963
11699
193949
1998
156358
8725
41002
492
16747
135327
151007
11683
197405
2295
13004
6284
816
60316
127028
201416
206915
24310
10878
5248
195373
17997
140743
16719
9021
76684
62219
32032
175274
137017
3801
183402
69789
23418
98778
21015
11974
171663
26539
219774
12947
3554
22733
15157
21488
6119
17071
5211
12054
31935
200430
189925
4746
163119
7830
84453
152242
2153
197760
71882
178450
5242
9149
5927
163056
142262
158891
67628
23954
169
2298
59335
1758
32928
4323
146158
185302
29368
4226
25167
4436
154394
2272
13165
129731
3828
6010
130470
143075
189869
8911
34583
174431
96
2713
13875
178210
93578
12897
511
2605
4177
37349
101954
17211
3144
17136
87632
20848
75449
187787
142992
540
170561
1403
5840
18724
138233
3201
1091
122873
4889
22948
31056
852
43231
180511
191572
4421
28829
29694
148381
193328
28705
140995
172162
6040
4655
105134
5782
7861
706
17971
73761
118215
8705
110
20080
148264
21287
4281
11047
77423
6868
69543
175626
56886
182704
1531
169704
156101
173666
14133
20642
121921
161533
172
7501
18880
207243
4815
17820
9177
28037
6507
163068
191057
13915
1210
148601
130841
18083
1066
125153
28100
67693
43868
1749
577
80771
170815
40270
157354
1289
1188
2206
9203
35122
140164
198003
22604
20000
104234
7866
8066
84
80503
155023
16987
3893
18584
2531
2344
29505
211808
4319
3495
1699
173101
95115
85652
1305
1400
113293
22950
528
11929
299
5715
41585
68340
4050
7138
37477
151446
6842
5059
14746
83092
701
20586
1362
162041
5903
1443
98472
159087
1398
87748
67492
146130
2105
28472
113567
116124
129013
1946
39351
139897
21705
3934
36708
124590
130499
172600
80006
19187
74596
12346
8374
173344
161682
31790
134777
193213
35812
2385
754
134815
31954
836
965
121751
9398
19665
40943
131287
180345
103885
8758
174064
18618
37982
2339
2570
125634
162391
166026
173003
1072
18723
19902
14451
171351
21133
4770
7719
216734
207370
36522
178754
66505
417
21550
2841
5201
67084
203420
140125
7556
119391
218920
5677
35342
27817
7090
145639
62637
31291
27813
134769
2228
203270
168054
203993
12455
127048
43196
3425
25277
5789
2903
4275
14685
122298
22464
2063
333
16185
181615
290
8742
8782
6272
4105
153939
38866
65582
139572
176631
4278
17557
154857
200729
39067
507
8863
120447
10355
11195
134524
170223
1822
175090
192836
12600
41863
148764
1065
13071
196305
103886
445
155020
11421
144383
146937
29678
208775
2086
3156
144587
2963
31697
10997
22808
38862
101786
8626
12963
14117
181290
56933
165404
118340
4979
8178
12141
73960
4121
37400
9674
22176
1920
3753
26736
5255
3373
66825
29582
131735
1138
7421
23959
46614
183284
149083
4382
14471
5023
41604
6785
8637
31794
147303
1710
6718
7296
132229
79828
23928
146910
23030
205158
1820
99120
127589
5197
5186
1525
104955
32016
167715
4802
200257
655
865
80836
197285
173460
1031
148522
36944
4038
11229
75529
175549
43262
10213
397
144417
99044
112991
148531
137397
171890
1324
5193
173536
684
163771
51008
1314
2799
639
1475
40213
8363
174802
1422
2334
8962
180644
181122
125921
9912
100104
20136
4564
102150
21861
38870
2165
173064
133689
6642
21991
69638
2407
176502
34902
16986
2775
7503
22497
4442
173269
4613
2297
171356
4235
75223
198886
205398
1547
134559
144607
181523
149323
9735
164778
11414
12169
96608
11997
3657
125493
3804
62227
115746
70096
80942
12819
69552
124044
33876
174458
174260
5663
143023
37371
9079
438
1446
4359
62922
14021
111799
1887
67199
19505
40609
30879
203204
21788
2130
699
19370
111069
10765
1566
21182
72269
160567
165208
127648
19735
4659
7104
93733
8985
108679
131006
2721
34969
118293
119525
37683
106217
17025
11104
2076
10525
4364
10968
179386
54625
2203
3525
94615
103261
168274
177857
98
178896
139471
1491
80869
91010
150364
1723
35505
103937
118339
127024
197911
6251
19526
189056
36674
18791
2209
67601
147116
1042
3979
207347
25292
178
8624
172358
197178
86542
160010
6047
7934
13553
14992
14814
124393
8327
193193
40853
34207
223455
886
155025
41933
165041
154498
9565
5383
107834
4667
181376
101766
14585
47258
56685
19379
37728
58602
137909
1130
95756
41429
127258
65581
1984
18750
8081
130908
38772
1544
6270
954
66982
126728
3015
2081
29286
169558
19040
140951
2421
88960
2645
824
11166
20732
170431
5488
15046
137931
181325
52568
183405
11248
142638
1192
67239
36373
153710
161849
3406
14077
50862
182134
1919
32679
156976
1519
142401
26386
66587
77076
90004
319
185381
1952
19803
7635
218933
132758
5742
177727
109125
25045
32337
155702
4654
147721
6504
3516
132544
31820
118567
3319
190915
89342
31627
180355
154677
1463
2471
10502
189351
77596
81826
124
4555
41995
20122
25344
19237
91984
7270
181867
147021
111841
27658
154246
17965
2089
172166
3936
127127
108783
155836
22551
127398
151151
166081
164670
171542
16760
3413
136558
107811
171541
130134
5837
13412
15235
193301
103402
147747
4237
11057
20409
90137
99935
58281
189294
101929
25223
111387
98122
7310
57
54221
4213
6944
9681
6613
14299
59060
24764
18824
160762
7063
7249
158535
203828
7822
33383
36297
2597
7634
77
53317
36634
166776
180937
159209
958
132148
68188
161866
1194
154479
18588
183578
11037
1707
12506
23686
12253
38359
33665
116978
173115
6
117862
167185
18843
148319
10093
8382
206939
1520
16320
127312
1032
26918
129225
154428
28436
159525
39552
2103
9108
11017
102794
4234
149885
53557
159084
117942
68264
166537
3162
159515
34166
153318
33857
32996
105593
133405
129820
8316
16110
182869
21798
32469
156566
193558
3937
9971
194880
131616
152567
9512
5228
19888
144310
54541
6342
15987
16772
103745
108745
200890
2733
18908
27680
161126
21072
4968
10885
10906
785
6007
197865
146228
1434
10520
147537
3352
27373
166260
6929
60579
124668
102107
142039
57163
66837
6191
137095
127994
33723
58329
24999
143323
123604
29903
181797
2121
121193
162152
38402
99097
128114
6752
5447
12274
30102
55158
174402
11695
3046
14361
19027
127650
171
4120
1480
198
4885
141008
7804
166640
201248
164865
1036
5886
26540
2569
25234
180020
4316
46213
4790
8394
196526
8481
33812
833
14897
45315
16674
1159
161995
7422
52825
9583
2341
5876
187785
195856
8668
20005
99479
1146
170216
138589
14342
187777
155464
142063
2802
102237
156129
2639
181289
9860
22399
4290
5234
17807
5231
8957
40425
72373
101206
16693
1499
987
7612
3552
8217
7562
17397
152245
174852
157723
7203
7715
4799
49399
76444
2510
55863
32639
130960
169502
144988
216632
17520
18975
574
64220
8436
15196
38343
198700
204605
185817
32441
5924
36478
88556
8633
172969
78647
157001
17433
25567
31449
55842
11139
144110
685
28857
91512
30111
171889
1329
11825
180238
32410
13375
197097
29736
13805
135877
140829
111830
126750
26621
791
22029
125326
141517
3746
129320
38558
16403
192275
7843
144592
18748
22085
172552
190400
30370
142265
6447
3020
60280
870
35665
7989
202265
76540
178153
26141
173486
4201
176596
166858
20595
205896
514
9093
173514
3465
180599
39217
15047
2867
5786
8784
3464
2316
7980
214
98931
170587
107148
29663
119265
70149
163601
188021
5828
41529
1202
38828
2566
191790
146262
1837
168537
10226
4276
58625
34635
179071
9440
1038
191285
192906
20953
25821
6045
4962
13341
147931
1318
23404
36687
176530
130486
150533
6351
140702
1227
136089
6487
151004
9091
112869
191073
119622
177641
68182
128662
166248
159517
16216
172560
116046
158973
131014
172480
35305
146197
42259
52328
128721
176458
19544
3507
6995
42498
41658
4456
186295
141087
145393
180208
184663
180292
15334
189434
216725
38337
27781
2300
2169
18857
18127
93555
47158
54986
30246
131118
151410
170043
119316
98085
25613
1714
46410
65611
135193
3682
194655
12135
124290
180939
179973
35452
5275
25412
156224
1110
140779
144189
28060
15435
1884
85204
35477
16373
7253
178571
3677
7840
34450
99777
3018
5588
166859
168512
101721
217270
114863
197072
2780
129038
10842
58
7802
387
183459
2965
32253
3622
14082
58713
147104
12568
192352
7748
71593
39813
161537
111142
135215
1617
29198
403
41311
6921
1502
182049
10043
25760
4494
19127
171905
174570
181390
33040
192777
146579
152952
141572
170
7939
1844
12683
39415
198110
3576
89976
130827
181404
3404
41148
182047
37847
11001
166569
100089
131261
198454
1184
9217
85250
39998
38931
86433
92140
14701
137155
123635
3161
3159
38923
160773
85769
2997
173337
5859
15549
75828
1489
185343
1693
110598
139660
8658
1572
2546
4298
114530
145578
30000
4020
3895
3475
6046
154244
128698
137480
21051
17053
108430
481
193668
165986
42776
154203
184372
17405
1506
2263
90
145975
124742
5559
41065
26114
153625
3806
9824
40761
113997
172933
8619
882
27225
3707
151016
2457
3758
3183
50
20081
63027
153422
106
8127
180921
31479
111097
565
124760
127282
1940
2318
127134
1155
5822
129294
179600
80028
153815
2390
2294
31335
42969
48726
828
164284
1412
180650
3679
20499
161761
36745
41627
1045
3421
4381
2425
23053
36650
75441
22721
40483
5576
56342
72482
103328
128794
2162
4286
63539
71668
9174
29382
207208
1215
137776
8331
7929
145275
569
154125
1423
32409
1317
1690
26447
7204
144632
4812
122515
107463
192351
219
130357
8109
10676
99308
145588
154509
74
112462
13823
273
171978
153498
31968
65559
8643
108018
608
21342
22509
78
661
19329
113780
4724
6534
107703
176872
139562
712
145722
5811
789
164369
199478
24105
114261
5198
902
103368
47484
5279
20675
22345
13879
180680
68
2863
129204
4518
5935
6532
707
1518
158408
3972
134618
38786
15999
1585
172503
28102
33950
148203
45
120669
2734
9027
32901
6768
2920
5357
160784
154259
66590
142132
46925
43443
427
94733
38001
155426
56022
133620
158109
166929
872
1931
73439
8958
190
7650
181524
8095
2361
4642
17022
41788
2876
147168
181393
5923
42929
107635
63268
24779
90142
25114
5200
131982
2168
2178
162315
38577
136890
158130
235
6197
7718
35634
69601
3532
151191
155068
15791
157917
143238
1211
175307
41916
5478
5757
3600
151251
14236
5438
1514
10673
158837
4232
42636
25294
9248
113517
16196
140620
6919
19083
28717
144382
30896
74311
126213
5217
72285
103132
7849
26582
118732
151005
5185
5120
175541
6982
2573
147716
142043
38980
11274
2217
119632
194626
28298
146880
71671
124047
3522
173442
177524
144709
185344
1120
31016
56759
123499
51624
21703
38747
153757
167283
398
179718
140163
3267
9082
2150
21324
3800
88402
181080
27042
1302
3484
12350
4971
5480
17923
23827
141430
2766
805
109215
137154
191895
1132
28308
4291
614
9616
197067
23400
65781
145381
60311
191070
75360
93895
22511
127883
5759
3080
6840
1376
4907
167513
21920
153870
18704
2492
128445
3815
6750
68387
56690
6708
45319
134
171037
159473
182172
5142
34819
175707
9938
131282
5690
53103
11901
91050
4649
6578
6399
18687
102104
129050
70
7182
173389
178134
770
5882
28574
103405
19513
23258
25758
2943
39320
877
18794
72298
2078
157958
185196
116954
8939
5389
2762
10815
27408
144416
41107
1869
2970
4394
32048
22303
40656
7638
8249
100423
13223
10467
10679
16325
125658
2430
207975
88113
192116
147852
24935
202564
199689
101
4178
651
56885
197443
37392
104
175293
295
1797
27609
91080
143882
124968
145649
212370
130295
22724
2079
13016
36332
11648
16197
7086
14088
7378
3887
145493
192924
101682
12826
133992
73365
10756
3571
7693
12900
24304
24082
177736
604
7604
141
8208
21061
67123
25069
27364
120579
28109
21716
16805
1713
35137
6614
24985
122294
1515
1878
182605
594
195253
111379
9597
12
1278
2075
31067
120000
136000
6226
572
24742
30216
27356
13614
145842
3048
162009
2911
8110
21631
135508
6042
8079
141249
2917
145344
31936
829
142158
1261
157838
198619
163412
26563
32412
167400
12795
11689
66809
156458
156108
94837
180853
20266
20781
156840
124758
46743
139747
3034
9867
156350
24786
16153
30009
39088
185380
111855
1721
129945
178939
3119
39515
1621
3129
10613
6485
83325
161719
27708
154682
1703
486
124356
8569
15511
91668
3408
201046
3946
6936
1545
1473
205790
14736
41090
138201
181440
207487
130764
4781
4037
16
177014
5072
130592
158487
109291
79216
109296
94140
11084
11701
86587
38975
8039
144529
23257
8997
40935
36597
171950
12642
19878
4317
11131
7955
6203
30760
2195
3384
6940
8970
147889
47055
50381
442
17393
760
124918
76416
34152
128667
85340
140179
182028
4445
193488
102159
106631
153116
144479
2256
42142
1433
2641
4152
3518
185845
9673
137152
12005
149328
59
10799
25182
131111
41032
16003
911
16496
33451
174837
27172
4985
11763
94822
30020
38991
10323
22863
6122
9062
115288
6004
126163
33732
172597
22991
63778
42591
119194
175209
33875
2110
8365
1237
38950
17530
20131
189660
155693
626
178958
118610
19552
124395
157820
27675
2812
87288
9776
193042
12622
109548
3577
35654
3439
34943
4204
5316
165586
2087
145496
6837
34001
4395
41006
11482
156599
42660
1571
8045
130400
6049
2356
620
7243
3627
5167
119432
11862
173504
12453
58110
3174
14131
16456
123239
3385
144239
25605
95449
13266
181492
36905
531
160744
189192
8790
19841
142121
161527
181687
13367
2236
8170
42490
182556
10822
150145
22209
175334
192074
206940
144579
204281
126703
3320
122831
205317
3565
26162
15069
49261
10341
88190
179723
67917
3535
5339
154560
24417
76883
121076
119788
4902
1144
104063
136356
180899
7008
1726
80908
4222
125549
174660
27766
35570
25937
64897
192467
139326
168998
15311
91312
164506
5566
11407
24703
176980
18913
161620
6663
18858
34091
4289
2389
128733
2740
19392
10431
186701
142830
2159
5590
19274
71569
10470
18803
199790
81698
64080
185123
6920
17623
1760
129380
2346
8471
34374
31722
90870
32993
22677
9150
8459
2106
179719
174192
196326
4245
87929
1962
113819
8329
118001
193927
7948
120886
181279
128882
5367
163172
205478
3549
40834
105624
194388
55250
5707
9475
452
34373
23707
195484
202513
12436
10996
70512
4357
8429
31808
2172
9246
41066
155465
858
38548
145209
26459
65557
24000
145599
129904
166390
119856
96564
175755
142205
187056
136085
69130
99880
35035
87890
127436
128931
171226
11616
130725
186375
2312
6787
14410
2125
88827
144567
4959
137649
149639
4598
54043
5701
147920
185
119193
175695
3110
36400
65282
155703
155822
173805
14705
153486
32154
3985
18895
176606
175846
5864
171721
14007
155484
525
5460
30179
160409
2342
19120
19643
27736
40237
61902
7118
8690
29860
5941
9104
8450
144270
19115
345
39180
49396
9209
154825
107861
4620
202207
180938
94902
188018
7742
40398
5107
2578
70262
152955
150599
88088
1444
406
4345
120605
29489
38886
145492
165090
8179
8909
163968
1907
170042
1748
6742
6725
162351
178209
4096
173341
34615
34
130600
166633
150
192312
8388
68201
1593
67919
41054
126021
5894
176558
148443
169147
19571
146559
43320
15954
145012
22799
166931
114386
190073
147206
175861
4558
128419
178361
2238
76487
173441
38764
9607
145654
10688
21577
5265
61692
9619
3867
10264
156689
39953
22257
128204
193560
134253
5836
2960
16387
195545
16991
34419
142503
168840
172563
14590
2743
94481
166650
149970
815
139508
7327
63706
180133
22
139993
17132
14132
171669
140973
6402
189890
36790
5718
8038
95234
166341
168700
188866
146245
72478
3860
15278
6914
105551
1199
11824
141089
10450
180592
145976
28284
38318
5222
69785
5178
32821
77130
17700
7547
137328
5781
7815
200954
194228
3643
204592
101718
30239
140612
1692
66362
88005
170901
105265
88011
153481
207691
8132
26233
1028
29259
4248
195455
63779
153507
3731
71837
38873
92465
10256
31575
3914
688
182694
1985
120426
12451
1963
8247
4567
37875
26560
67309
3047
5779
2193
27837
136229
38881
146508
5952
6431
88
3970
40446
4861
17517
5702
109017
15159
5437
35285
102680
173931
8173
16471
160499
6526
1923
119781
150997
5964
3284
29410
85036
33604
8
2719
161108
17395
3670
180616
17484
16444
159375
159470
6125
32969
76436
127798
64706
171261
148729
8285
12282
24773
159868
157291
171672
8166
8806
172309
11129
10808
1853
11708
6738
171499
114387
201305
6023
31822
2785
3053
116975
1783
24771
116596
154180
197455
103061
30057
5194
183508
1260
12333
11500
43801
8666
137669
9504
17765
381
811
4303
4878
24447
169649
10459
6646
145259
716
81542
198487
191038
1162
556
164589
172542
97339
137408
477
183649
25420
29352
88950
2672
166443
478
71304
121408
213648
205359
125609
23334
195503
521
3182
720
65333
82272
38713
669
8140
161290
41259
189506
21141
130176
165737
8067
31547
200371
21551
2004
14423
5881
20514
13495
72808
68606
94731
176803
9790
12496
182178
98261
42901
64955
14076
137354
20090
58798
17394
205507
180771
10293
3955
182638
13169
63011
71721
6531
8254
15045
18788
28023
38981
83228
119872
9866
129851
160592
38504
1796
89915
1986
11532
191538
163163
8426
7975
97751
60245
2402
174226
401
120444
154600
13254
2
24
11038
196340
1205
192349
7329
710
8484
94389
37260
191043
9192
130060
206087
187687
88006
10245
22342
2322
168435
175224
14715
100172
95695
40503
88147
164840
6607
5143
138614
1561
138104
163931
3358
147824
12189
138748
85857
724
2456
28185
393
166286
3004
172155
5296
5479
92044
799
12168
20101
91773
127839
147154
71836
178054
32751
40629
38328
2728
193417
66171
151416
114
68943
181345
3003
182340
16052
172225
27678
10623
181617
7493
26047
20228
15211
131530
3605
129615
31803
1029
162654
8753
2879
9112
8424
104376
822
33701
2163
12266
146226
128011
4091
148205
19591
2186
461
13308
7344
77034
7847
141418
2383
19417
1873
156548
6949
55706
149611
31074
11737
24122
121615
129031
38309
154901
121
545
5934
46800
241
1933
15275
12608
79067
42444
79413
43691
154510
2763
108831
4974
23421
8965
2955
4085
15818
90968
12067
3070
7755
188129
3700
512
4143
17003
148231
437
11582
102435
2388
10973
5996
1890
1992
2040
1425
104498
3369
1244
111417
17208
122868
1470
4848
23920
1591
39336
11396
69232
4384
18103
94363
7064
99130
191055
244
22606
4839
7970
12002
64875
4537
410
5038
126255
126996
148040
187653
296
20790
2366
98780
92643
6698
23643
5052
162383
16267
34403
164205
2891
189222
224316
30483
12488
8457
92876
2651
5698
31561
13837
86006
8522
1390
1504
26566
140988
3855
5308
12942
19161
140675
119899
9357
20079
89928
85899
59008
183447
187104
5548
97
4604
10716
130997
1794
289
155969
4379
4118
27380
184917
5965
100473
41243
3650
121429
159633
103975
194081
1346
15527
73245
32224
155255
14383
204516
54707
92094
7082
159143
72050
11135
1559
130004
153077
6789
159355
1323
2427
94734
7189
19418
1383
42361
2077
168654
170430
103469
37734
78954
38453
133940
24800
9339
7254
84469
1871
1265
705
117663
142084
8986
5481
5019
2725
129976
124648
137269
13182
104340
122271
23946
155451
315
10605
39188
19009
155494
23402
10248
181192
166658
98960
128927
145106
154174
174618
102681
18061
137031
192343
51250
20551
1430
30485
159503
173875
20851
3762
144797
173336
1695
426
1147
134711
302
5284
31443
9962
140468
39066
40455
231
4390
34444
2776
191877
98347
18115
41003
76994
172307
125765
30255
137626
849
142364
150923
192904
3157
13164
142584
166532
198618
3629
19381
24068
10742
159508
21930
213492
217
9234
164917
4014
4386
173346
67436
134150
36639
193737
161926
9426
6923
18866
20302
328
172385
32415
530
29387
2987
21779
71973
177875
30539
1678
37592
16439
121041
148228
6848
80474
7828
13436
177823
4676
89912
75957
72535
3378
63951
175360
9216
99312
4034
204574
1961
32361
1449
155873
100758
39324
1582
192401
118
31759
443
11111
55492
10889
20057
386
10268
99707
21866
77548
103573
2940
11733
67910
205322
1445
204886
9263
34744
142057
157135
179303
147030
33924
33643
96188
32990
6946
144761
34004
73228
42336
158122
7795
145203
20881
26919
36648
148099
169146
12962
147887
8405
15033
126076
3412
752
33785
140934
17996
62291
10196
7982
2706
26372
144566
145308
13455
25674
668
198928
154094
3691
119506
20022
23999
37198
201054
14812
20078
33782
217321
3422
96765
17161
2679
74310
10998
123570
10962
33071
128921
21188
3499
138166
14511
8993
17735
194536
143782
40238
177590
1586
160606
1879
17710
3228
7479
13378
80044
156453
85992
120906
139992
35585
1540
125400
62478
13676
29613
2494
2777
141042
205597
2211
12891
29026
125678
207830
160436
38830
120814
148949
1207
2392
196306
163370
19764
186755
163565
338
55833
2499
4668
16792
8693
180564
31624
376
1465
192286
20445
36615
4207
40961
4181
19650
143175
160067
56796
98978
10523
89956
3760
219513
7184
187420
117987
25925
132
2037
29256
177048
122240
3706
142
2353
4862
14134
45986
17991
134453
144378
36811
125547
2757
214996
24770
21569
158548
23723
40347
6721
933
7986
5485
64657
8036
203655
83197
1255
10518
177478
4368
121410
4168
76417
20829
10325
36299
10527
85504
29210
3669
11464
35572
103651
84783
3992
1190
11646
7255
88513
5453
281
7131
42306
7976
49096
2511
731
8817
1397
162141
25968
6862
20545
7999
8818
4040
32907
131450
21763
30022
37490
10641
5321
140613
93134
7605
29638
37370
138728
174646
194523
27388
151683
159141
80972
1313
8324
2025
11112
12166
129280
135431
122588
3127
3067
148050
33984
32014
175739
86882
169530
204
12243
50849
11790
98351
6874
2143
192346
201406
3000
86128
150930
4874
4249
147930
1262
23550
10662
7750
4918
19484
6887
433
55670
116593
293
151078
2881
145186
104617
30287
173047
179803
855
191543
173462
823
40692
2315
4853
118315
29411
193485
2066
122943
160477
4230
5347
98203
135530
182351
43340
5043
6436
125048
154553
198190
1634
99630
96152
160610
6638
4606
19186
8537
74203
60464
9113
167404
198287
361
204175
104558
181263
168278
7966
73070
150925
173804
92046
6896
11269
61319
196
13827
1989
146
8935
5494
3241
30852
541
8121
34010
34221
912
7109
91197
205498
27969
33801
692
1298
144499
169925
18613
19622
8722
180867
7860
202732
1370
10880
1629
186089
12477
4242
123185
136249
10785
67972
159059
12055
166372
2072
4393
66120
20074
34747
7112
65313
113456
65061
137811
149322
126234
4470
5226
2496
5684
26859
34871
1669
120268
165414
191049
173770
33495
150014
2226
5622
99219
24959
4299
103092
590
89610
75809
3434
12004
139690
129469
123096
166509
19727
126242
161429
3655
93194
464
20054
3107
2839
12248
142645
179259
69632
10789
759
10757
8253
160432
11110
179217
1345
23540
42939
143131
125013
2265
42627
13728
371
158982
2958
190017
168895
131366
175867
149863
32382
192701
145304
15817
237
188991
22182
164448
31554
67034
130202
144845
161913
436
5354
101013
172308
84834
49
27532
7092
26132
3590
59946
35293
1613
24209
9044
18258
125832
173800
121993
38429
153
200632
562
156746
133671
178349
158882
154904
174744
1249
32194
1604
7960
87200
3040
66214
5018
1453
153839
9238
3698
13881
95527
55427
186020
121715
4453
8193
552
200934
38860
198059
130556
192508
62814
126941
29805
4023
169416
199
6938
165838
165477
5549
146035
65534
20419
184522
31138
192827
18776
73242
24024
39994
6681
39342
31542
158495
22684
136056
5162
4509
137912
1635
143096
3078
10270
23684
356
15064
165633
36560
297
13362
15110
25008
9233
25574
31481
161886
109451
131017
192947
36480
6974
137201
34958
161782
25738
440
30957
9916
39798
1620
1498
3568
150162
58565
135270
3694
27853
96613
174065
38266
148641
158268
149078
69278
7549
2961
125752
161383
4214
112692
5709
173452
33779
352
8350
31764
118342
8098
160958
165004
191597
25081
64656
176887
163963
145888
1823
199493
4012
176286
30741
177245
33959
90041
150146
177499
146207
149361
35618
12369
8944
165469
167298
4978
22827
154477
806
25417
155943
145478
175878
28905
5054
173200
179547
175495
181329
34320
167763
98443
7967
84419
176484
4788
25469
22406
26080
33156
33150
116877
22287
215471
148309
4614
3001
10033
59959
5204
57368
142239
181616
4349
3049
1570
65907
161813
9609
129951
143176
126168
6397
124380
15261
17396
63385
12544
42380
122313
98918
8689
114784
19414
54300
1589
9296
128621
38050
4025
84864
89951
20694
184842
36367
11093
4475
170969
8139
57834
97094
37743
13456
34639
23977
5297
1932
35247
103814
167791
2580
30380
88140
176524
6979
172546
10149
8063
3673
5343
26306
83734
158544
198836
113
6861
1297
36553
88691
1252
1406
15180
2669
66695
36777
1136
31410
745
20889
144468
192802
1140
181960
22378
123129
8747
38749
22080
178044
89
23917
27627
130899
1242
144574
5206
201307
3578
4247
18248
38872
82397
167827
126340
195547
42980
8356
56128
110868
27155
86003
14036
181265
9135
41152
4964
2372
4842
194233
116970
1556
17482
27965
6866
16184
11766
149776
172032
278
169459
27960
44163
60697
139976
9415
148424
158861
157809
16746
58253
40990
7140
18064
194640
11967
25642
220
118539
138338
144
22143
17166
180901
19304
213460
13714
93185
154182
29017
33198
10995
24141
7443
188076
645
8707
2497
210101
154476
132018
14374
211641
46746
160413
154298
9961
40214
1881
8490
61477
8671
128174
39463
7169
137968
31926
14119
129609
128537
203462
156266
150010
1001
2771
182
66510
164600
1326
146290
29408
3249
2277
6615
33964
178550
148047
75890
4212
15407
172598
6551
1217
6909
173018
6017
7180
43365
4173
14001
175464
6124
40803
64956
365
2667
192455
66855
13818
259
26976
5067
11030
70918
39938
2394
15958
2395
11002
3203
5295
2301
2138
35438
209530
75789
37738
92363
20832
20630
12629
1603
4206
118000
33159
191191
39932
137988
700
13647
483
2577
32236
93541
24969
153830
37849
92777
68816
183571
5034
54998
6918
63758
129359
22825
25669
71906
25233
13817
1625
413
3540
5727
37394
1991
21293
32863
3234
5834
6686
67877
6544
3830
127518
176936
94483
140693
185154
129051
24627
27730
22392
3246
73367
103185
166857
34255
917
181521
2808
161936
168582
1288
73655
137789
539
39834
23055
34277
97786
12764
1117
28860
17250
148215
26861
2116
107190
3239
8409
201921
175855
96602
2247
538
100795
727
46748
9913
39941
35466
45437
85563
6647
19876
7943
27490
4208
4340
29118
7418
33208
151369
359
193037
19624
63443
155636
39345
15548
4189
143508
73589
146014
121073
65673
1534
3230
5468
17697
2326
85394
130229
19915
22947
27471
189166
11
98975
1681
12788
22198
57183
168215
205080
200551
3640
8887
203818
826
143515
2088
8702
19253
31909
183150
190232
142555
158275
7081
2606
147145
5369
7625
126613
177249
618
26946
3095
203102
3569
4562
136955
142325
20810
108554
162286
2889
205079
28289
122
145943
1143
207919
109143
14360
11096
2858
28444
938
5039
154098
6453
2635
172580
93594
37000
1471
95679
6902
5640
28565
23730
113656
93
7487
31053
121987
153709
7950
135779
11115
89415
17239
79127
97494
106753
14523
22484
153497
126404
173253
38464
3231
188825
116
32109
40619
159469
73171
188576
13976
3584
156373
42560
7805
5482
177079
178944
23995
22785
60210
136245
17146
153113
1830
20138
148290
3839
184145
8195
65521
172287
157526
18041
304
21634
40235
149241
23304
4984
36424
2251
3091
157521
10203
2845
89403
66213
83278
21882
41878
9844
21613
23243
24473
31068
86406
146725
196105
17922
113324
18400
5483
122889
2532
25687
6201
10214
4102
25229
8304
85338
71
5082
1503
180489
841
16162
148434
42881
79131
30641
156062
5057
4356
5410
555
171775
2742
159573
25196
22398
206540
928
193
6088
191041
9663
129736
133632
25314
34381
12283
10589
8031
14990
690
60126
180241
4510
21954
65200
171011
38553
146597
154681
249
155987
3547
149927
11883
11949
15721
25213
15839
180231
2453
125936
3566
37097
58782
165095
186435
143147
15614
155440
21915
6137
22347
704
197061
2975
130042
76920
87821
9640
198456
37615
19857
141067
47130
2003
179835
203416
279
4493
3028
178892
13121
3908
60035
6350
43245
209289
163640
162378
124387
39856
200
26211
98315
138963
13918
3663
955
72287
311
213893
130682
156836
5203
58672
6417
2698
206754
166767
57139
3175
127060
12532
6250
131060
66276
169124
198412
195353
162007
126912
144864
4205
2800
43015
1599
6916
16030
46957
48867
193212
134964
153002
247
20954
112
76668
156091
162559
6931
68504
8192
172996
153213
16617
1299
111
5585
68247
92190
29355
44715
104553
201
4960
715
607
3837
5041
2758
5825
4884
13982
41875
173092
286
3572
81250
163105
383
15889
128635
2252
139042
2836
13314
254
35017
1513
205045
156501
191301
8599
111802
441
26292
41612
88016
171835
5244
195421
15081
180257
5332
2487
85325
10561
38545
216710
1744
2957
6044
8843
63759
10269
23870
99918
104363
158198
145642
2689
336
155495
15139
205494
10819
4162
173404
7609
40579
5591
123991
7752
7464
17451
154906
2543
91313
104347
5428
3812
15268
139728
8499
181245
14424
193739
21469
23142
8325
42111
123406
22237
3251
4912
9710
31623
110511
139236
6539
54138
102181
149794
164265
176678
149129
10829
12065
2759
29581
193551
70919
93538
123408
135649
32164
109779
217372
6068
10893
200454
6705
124881
13945
4343
25973
38562
4427
37111
6712
25470
3416
31745
625
1148
6405
30438
37686
1353
145475
31401
78436
94949
3594
179930
1779
38679
172613
7103
5135
11957
132372
8041
13293
34284
2680
216740
26457
71886
17430
172931
22186
20295
212382
169426
10291
199076
175592
2083
84017
40416
7251
10660
131568
2536
140717
150926
526
176165
37059
723
40769
149809
136416
38499
155
793
6847
125059
180816
5930
108906
124589
5875
373
22644
4967
40793
100901
1379
2643
5051
8107
75418
2132
172866
27173
4881
184648
99437
108784
28063
166726
3190
39802
2436
205776
127981
148074
25429
151972
27387
159109
5929
135107
32414
3925
82420
181807
22344
147151
186142
7058
206718
1684
19508
105023
167975
205716
8717
2284
13751
17748
116858
149910
8362
114438
131891
9063
138484
172220
21012
2478
107917
6386
33112
160488
41033
400
7400
65565
6710
112445
66608
142085
825
212662
3993
157096
30932
56786
93402
2095
161417
228
160081
63823
1575
33196
161882
42897
681
101865
203624
144228
199561
193164
137550
6566
141419
152757
1382
3099
3723
142079
19044
6990
38718
66457
178570
39245
191067
143085
20133
7708
189610
35354
145401
142277
201037
7821
27613
34245
42898
133285
158572
180975
115976
34098
164702
143693
6085
16186
19540
98857
1555
172242
150831
2100
5641
71061
192984
23777
177702
2065
5243
10183
11528
85108
130223
33172
126207
140068
3339
158888
61470
271
2944
206084
168265
142451
6352
4176
6582
184700
13508
12459
1543
6767
10581
8334
21366
11136
35188
20587
22329
1936
151396
58139
3977
951
36751
243
15062
114031
9787
6050
43152
55820
3270
6548
135888
2399
134726
10816
46745
157487
709
2403
7541
168421
177411
25972
140840
28828
2697
69136
15066
37794
211450
323
204817
28089
48
5258
158445
7228
134884
161820
183441
39193
159507
26205
23950
125395
20907
38054
1608
6210
66125
181328
7717
170537
6087
28755
206805
142197
187353
19368
13226
161885
35423
195372
155173
124706
3063
19854
13269
109827
123219
198985
85572
33421
4202
56294
1694
25248
4693
23919
4636
141090
64610
674
128999
141437
23241
3306
123506
10075
110331
5026
17537
3341
171131
206471
4360
2781
30023
158968
473
117784
4112
5181
23757
177725
154939
10533
138470
3248
1161
113289
18023
139769
69819
8177
8017
197070
171199
22038
217449
25593
4477
4270
91872
113070
35910
128218
2558
206448
3749
4069
7071
24706
7774
1208
3513
24826
146021
83919
35468
88167
9792
7806
7420
2608
27830
34395
104029
110524
141102
8756
41624
11972
276
70488
21348
1875
1590
90467
8122
118705
4745
89918
26997
199269
67180
165587
2609
9151
2517
167
13863
9829
38195
143663
55841
1133
629
1381
19301
36612
58374
160418
5449
141007
176396
5724
33259
4325
4933
176215
218
5992
29848
68227
8134
13328
38026
32598
2308
164010
151640
11530
88521
9259
2652
2603
5029
13884
1325
23081
85332
163048
156546
1014
89222
155411
159446
32743
88126
3242
38836
91394
146104
25992
593
55911
11476
131581
173
6891
158564
20801
34692
3845
38506
57759
99698
168752
12040
39940
11085
11416
3686
11581
157088
6885
51195
103830
142333
106662
4961
10547
211047
200247
168446
139629
38032
2140
56943
792
5266
7746
22931
178835
35801
2640
176564
103339
153004
1043
32047
444
7657
10934
7538
37296
366
11437
9418
133848
1827
33599
4327
138016
5400
83195
147999
41095
742
2668
25462
104858
2840
2455
6476
151275
179956
39034
14996
4650
155827
5991
8979
21955
141932
163170
1017
2463
114800
310
30618
143519
144826
39276
55781
177877
3623
82955
22847
125996
8190
194229
172971
10246
8326
529
39663
170395
87
3625
7033
10376
27739
13832
63829
773
146161
151450
193953
38194
101660
96703
178147
4866
37165
165876
62
18485
3042
162944
1271
204141
18100
54643
3570
22532
188325
9845
109612
164655
53723
42688
13301
3696
55828
37168
34065
4320
5775
4244
6486
4097
4098
1474
91666
134419
17821
883
178655
117854
4920
148740
128910
12747
136063
5122
107173
137406
181810
29
195162
2091
72340
41898
7488
127997
153938
9489
177697
4816
44614
160561
37696
50719
86156
139033
14474
11283
41198
175155
3548
740
33427
54
26700
22629
137
149119
2864
13979
170202
164153
3293
122961
12422
41302
648
8719
197439
3285
2935
6228
13520
13709
15363
145963
1213
4500
10573
126206
140638
8351
170825
10630
138945
2655
204887
287
1447
3586
1598
2773
130907
2001
198778
89880
4814
16191
148138
2978
5711
18289
7267
148517
321
1574
10807
37379
192635
180459
19671
207336
6559
7709
466
168250
6953
136587
16860
18686
1826
61
83
200783
107733
192830
2824
125943
121122
13359
40559
4215
11499
172410
147892
11945
7579
566
1663
8408
133038
70653
12567
216091
1221
36661
65814
103686
3160
61458
66076
1377
8833
123123
14634
38703
156061
40258
172381
3727
11126
9650
72083
1170
10230
29199
109276
195518
218126
153703
69602
140986
88922
13829
143657
6994
9559
153912
31553
72809
165417
160964
16018
66665
83629
2872
192
8755
14130
134626
3263
2518
198620
5728
10308
167468
14233
156118
160044
177844
741
26961
167349
78733
133713
142131
145027
147171
19272
1431
3793
25001
5304
43041
4641
205831
164236
21269
13357
10188
154432
145553
6542
2998
126069
131260
17027
186624
3100
4917
26147
155633
35400
17924
144553
13672
7256
621
25685
3236
16466
167698
283
23695
40602
660
36603
129091
4919
12604
39232
54307
160669
202408
207207
7865
6963